# Created by Octave 5.1.0, Sat Mar 02 17:16:24 2019 GMT <unknown@DESKTOP-T43I86T>
# name: v
# type: matrix
# rows: 3
# columns: 1
 460
 232
 315


